"1969"	NA	NA	NA	NA	NA	NA	NA	NA	NA	NA	NA	983.303
"1970"	1643.994	1538.142	2523.22	1127.65	610.67	456.378	357.008	287.479	304.25	363.698	569.774	557.839
"1971"	527.684	630.959	890.382	687.701	435.365	308.312	247.047	212.622	200.294	398.24	644.487	1353.644
"1972"	943.013	1822.619	1477.252	989.282	515.036	393.795	332.381	297.242	241.04	458.133	1107.24	1863.87
"1973"	1934.7	1586.233	1544.133	1585.942	804.973	435.444	323.663	248.578	210.704	531.859	1097.821	1571.619
"1974"	2068.999	1459.184	3035.211	2222.421	1161.415	714.656	525.14	410.613	344.882	438.265	548.386	939.693
"1975"	1344.249	1110.27	972.229	1643.166	712.287	426.409	362.394	256.992	226.82	384.53	1087.743	1580.09
"1976"	988.798	2353.09	1644.509	996.227	690.481	614.914	372.01	277.693	443.168	718.402	1373.218	2228.812
"1977"	3245.878	4283.592	1565.01	1542.552	930.233	679.365	462.126	335.121	351.599	398.336	731.559	1237.67
"1978"	3125.847	1815.461	3056.758	1573.079	1016.556	817.885	614.742	446.565	476.952	499.969	828.351	1933.413
"1979"	3691.727	4182.009	3011.986	1696.375	1024.822	777.408	596.696	476.794	841.55	613.853	744.363	1086.104
"1980"	2416.968	5215.725	3445.832	2386.989	1194.735	858.88	679.571	481.813	450.976	368.543	819.807	2392.926
"1981"	2999.507	2037.363	2249.156	2602.066	1106.485	825.458	598.564	448.081	349.803	614.321	1825.502	1841.972
"1982"	3537.45	3482.087	3595.264	2934.628	1485.864	1131.407	791.469	644.631	722.697	801.353	935.666	1170.822
"1983"	3130.11	4927.446	2769.503	2276.774	1201.261	984.909	698.369	515.816	484.865	706.199	1109.548	3056.703
"1984"	2106.797	1595.337	1746.491	1814.566	1008.822	670.618	533.833	495.126	496.614	577.396	791.051	1759.323
"1985"	3185.122	3313.357	2941.123	1800.39	1047.981	743.219	636.992	468.589	403.006	468.091	612.838	794.797
"1986"	1671.781	1747.791	1338.899	889.157	624.586	472.547	357.786	369.36	354.808	392.852	456.815	1116.207
"1987"	1828.376	1612.26	1801.838	1289.859	794.583	538.317	435.553	350.992	311.674	427.193	823.812	2507.335
"1988"	2444.183	2649.513	3675.12	1938.732	1106.828	758.854	558.313	417.316	345.588	419.756	579.522	1158.619
"1989"	2087.72	2474.269	2141.112	1268.343	790.048	532.867	445.242	378.6	320.825	304.856	670.242	2430.841
"1990"	3207.929	1743.756	1750.755	1239.983	846.128	554.2	438.229	404.882	475.756	554.31	498.096	840.275
"1991"	1673.674	2812.148	2954.522	3138.704	1117.216	726.401	535.969	401.379	354.992	533.07	608.221	977.644
"1992"	1948.313	3294.556	2340.564	1994.576	1194.667	701.548	475.593	388.429	487.54	602.602	919.686	2828.683
"1993"	4919.156	3398.882	2026.707	1627.655	743.565	656.874	439.366	363.923	488.98	471.996	414.784	1685.254
"1994"	3699.045	1757.197	2646.337	1610.931	858.634	610.113	503.169	372.016	312.749	422.996	1003.55	1625.247
"1995"	1904.638	3310.796	2052.869	2125.307	1245.544	736.593	548.458	390.006	319.378	558.558	721.693	1248.755
"1996"	2190.469	1488.919	1832.328	1313.808	828.194	589.313	445.114	365.71	374.845	403.414	1199.119	1435.212
"1997"	4341.675	3467.628	3127.022	2409.247	1383.052	1762.744	984.279	653.698	519.087	632.272	786.106	2306.376
"1998"	1399.991	2331.64	2255.181	1113.442	668.884	529.914	430.819	375.491	348.52	413.54	800.896	1797.234
"1999"	2969.263	1710.241	3327.128	1112.566	675.812	503.009	406.355	335.888	347.986	343.363	796.722	939.262
"2000"	1807.459	3366.619	3303.664	1700.633	884.329	639.574	501.609	395.568	523.82	405.837	843.499	1968.305
"2001"	1422.999	1067.43	1557.581	1058.871	617.879	529.406	365.571	276.109	276.641	538.257	921.153	2547.845
"2002"	3545.276	2892.391	2299.211	1384.545	751.604	530.255	437.961	343.898	294.928	297.517	496.578	727.203
"2003"	1746.248	2711.904	2255.178	2064.568	901.164	615.81	465.625	361.199	305.568	334.848	534.911	951.114
"2004"	2398.84	5241.247	3227.18	1668.532	975.143	649.043	513.484	387.615	296.138	327.152	532.743	895.474
"2005"	2234.233	1965.863	3282.603	1852.905	980.832	571.411	438.741	342.848	302.59	343.586	593.255	2062.734
"2006"	1735.91	1735.994	2817.094	2481.455	904.872	643.38	508.166	402.164	351.709	558.66	705.857	1343.323
"2007"	2008.657	4822.367	1952.136	1010.012	737.865	540.732	443.918	368.02	295.785	319.192	464.902	881.906
"2008"	1527.762	3062.088	2681.967	2050.009	901.607	586.764	443.506	359.793	307.905	370.824	460.424	1158.906
"2009"	1509.402	2463.489	2521.545	2602.63	955.817	656.01	479.771	366.575	421.156	471.263	1098.497	3569.65
"2010"	3192.457	2060.975	3192.646	2174.15	801.334	582.403	449.198	353.807	278.858	378.168	839.621	1044.642
"2011"	2761.578	1893.286	3599.596	2263.412	1017.899	726.956	542.49	408.81	316.411	475.253	534.791	1067.589
"2012"	2379.89	2175.867	1516.492	1103.467	708.289	545.708	395.743	320.767	299.27	340.038	727.163	861.5
"2013"	2465.236	2954.53	1814.372	2113.287	880.252	800.028	594.589	462.881	344.43	437.055	593.752	1384.302
"2014"	1227.158	1313.056	2086.311	1698.23	805.35	526.217	387.133	388.902	350.276	374.697	586.08	1828.484
"2015"	1016.876	1800.604	2527.896	1920.709	1277.508	744.511	559.326	402.555	365.855	293.804	459.992	595.842
"2016"	2257.785	1632.8	1646.635	803.712	487.017	389.339	303.068	240.433	213.433	280.471	606.719	904.729
"2017"	949.421	1987.009	1718.34	1260.514	714.135	454.979	331.208	262.946	191.825	205.765	489.514	1252.673
"2018"	1536.356	1868.85	1653.371	1306.204	663.938	461.804	343.052	263.269	237.537	368.369	1497.903	1678.955
"2019"	1246.584	1394.149	2326.5	1775.615	958.343	544.939	401.257	300.824	228.342	243.404	306.441	791.513
"2020"	1116.727	2687.653	2307.808	1400.851	761.644	509.41	380.97	292.234	230.867	344.623	647.277	722.53
"2021"	1298.447	1551.565	2530.144	1107.066	822.639	551.81	337.91	215.32	162.34	249.92	752.197	1364.334
"2022"	2514.652	2801.524	1781.994	899.733	498.518	394.043	294.83	226.877	NA	NA	NA	NA
"2023"	NA	NA	NA	NA	NA	NA	NA	NA	NA	NA	NA	NA
