"1966"	NA	NA	NA	NA	NA	NA	NA	24.408	26.76	76.697	76.5	62.999
"1967"	90.19	125.689	137.404	59.872	36.4	30.568	24.132	21.01	38.967	40.978	96.337	73.096
"1968"	100.224	240.638	94.522	73.658	39.547	30.563	27.022	25.192	29.335	25.059	49.791	100.577
"1969"	109.358	75.971	79.993	48.703	46.357	27.777	23.229	26.826	24.943	50.153	69.48	72.699
"1970"	109.07	142.079	85.786	50.525	33.264	29.175	26.079	24.146	29.313	37.766	44.061	49.265
"1971"	60.526	97.918	104.55	44.04	33.24	24.688	21.997	20.844	22.685	53.539	45.741	82.417
"1972"	62.314	150.876	66.238	50.648	28.362	21.741	22.902	32.603	23.073	58.008	130.309	145.273
"1973"	118.563	112.31	113.449	92.578	56.357	34.227	27.494	25.283	30.401	66.584	95.436	185.066
"1974"	155.615	115.358	285.856	150.145	88.675	53.842	36.038	36.473	38.8	54.953	57.553	160.25
"1975"	141.893	143.273	92.131	131.887	67.041	38.187	32.341	29.202	27.17	43.693	172.18	186.694
"1976"	113.371	259.944	135.002	97.691	81.924	49.097	38.553	37.344	50.859	154.616	155.732	253.546
"1977"	541.436	258.821	170.3	140.59	123.867	76.297	51.993	43.222	43.36	63.964	126.995	161.881
"1978"	294.309	164.634	161.459	102.082	92.938	66.11	61.487	41.402	52.975	56.684	123.164	330.444
"1979"	582.972	534.587	203.026	115.002	97.426	63.293	49.418	53.021	190.33	109.405	93.041	154.338
"1980"	267.065	335.7	169.381	147.232	111.162	77.642	57.727	51.274	63.772	54.822	100.691	595.792
"1981"	454.626	284.103	238.778	114.539	74.642	54.487	49.079	45.076	40.212	111.245	347.243	296.284
"1982"	283.255	218.869	359.346	211.307	98.245	65.258	54.104	54.627	80.611	114.766	131.167	109.399
"1983"	165.687	213.485	119.935	115.216	68.834	55.397	49.716	46.194	49.555	69.64	114.946	231.896
"1984"	141.096	106.23	157.014	109.691	67.275	49.938	44.148	51.306	51.939	85.693	114.733	141.031
"1985"	253.664	185.275	163.674	195.84	96.972	71.305	45.478	39.729	40.949	53.771	58.778	107.401
"1986"	134.637	145.961	132.752	84.529	53.054	42.656	45.525	65.37	38.859	59.934	56.56	148.721
"1987"	172.421	193.723	211.736	159.287	121.678	71.114	45.478	45.06	42.803	60.174	158.942	276.514
"1988"	144.657	238.825	276.67	170.313	72.013	43.422	46.751	43.681	41.66	41.516	52.336	83.678
"1989"	363.115	217.184	268.368	115.814	82.23	54.519	45.683	39.385	33.986	31.918	68.368	248.704
"1990"	262.342	323.317	147.584	99.83	136.072	75.249	45.805	42.852	51.57	61.477	53.478	102.339
"1991"	209.472	267.231	304.653	324.622	114.659	74.415	54.803	41.081	36.197	52.346	49.859	87.53
"1992"	197.035	251.147	170.776	148.177	108.809	71.793	48.882	39.784	49.455	67.952	108.972	300.647
"1993"	561.115	342.421	167.419	142.886	62.04	67.677	39.824	38.293	40.524	45.326	36.303	171.016
"1994"	306.033	176.365	173.997	81.16	56.498	40.979	34.372	28.965	30.295	43.922	72.603	136.187
"1995"	179.722	294.774	155.465	166.996	98.928	47.768	38.07	33.785	33.845	83.23	80.875	92.222
"1996"	149.64	122.104	202.255	102.57	59.259	43.018	38.263	33.002	40.348	49.146	148.791	92.072
"1997"	396.82	228.977	159.676	115.375	71.93	162.777	60.591	44.753	47.345	67.51	68.811	176.106
"1998"	142.207	207.474	186.309	83.816	52.94	43.013	36.385	35.764	38.57	55.229	84.283	222.202
"1999"	242.05	136.592	299.378	104.086	60.926	47.742	41.629	36.419	45.958	51.827	84.754	92.124
"2000"	153.113	322.367	254.749	75.473	61.665	48.732	43.125	40.831	63.561	46.178	86.34	103.19
"2001"	99.966	65.03	110.136	70.08	52.132	36.514	32.28	31.009	43.771	54.586	106.135	327.64
"2002"	236.382	261.166	173.518	88.414	56.575	45.122	45.616	35.976	32.97	47.028	62.466	100.427
"2003"	177.78	189.283	193.343	159.306	63.184	45.722	39.435	35.166	35.423	46.184	48.72	136.603
"2004"	237.098	311.553	128.367	100.301	61.45	44.96	41.64	33.453	30.062	41.893	76.243	102.16
"2005"	264.107	150.587	258.592	94.944	54.797	47.557	38.726	31.943	36.982	43.852	70.394	150.549
"2006"	113.669	140.982	230.475	156.432	59.265	47.37	39.209	32.689	40.874	71.384	79.391	146.301
"2007"	190.973	303.775	128.006	62.579	50.137	38.2	36.499	29.823	26.263	38.026	52.376	93.851
"2008"	243.597	226.479	178.782	140.651	65.675	45.736	37.041	30.851	28.821	42.713	57.24	109.271
"2009"	100.025	226.052	172.729	129.274	53.091	47.35	35.976	32.872	44.403	43.763	93.243	226.877
"2010"	143.661	130.171	148.41	94.475	43.829	37.372	33.725	28.728	25.209	35.78	88.712	85.801
"2011"	203.384	171.058	285.497	110.372	53.315	42.235	35.768	30.309	28.107	56.397	41.233	86.586
"2012"	178.485	119.775	95.455	87.392	55.305	46.262	32.957	26.845	29.673	39.874	83.814	74.821
"2013"	231.126	256.21	171.767	148.495	65.053	60.89	40.236	32.739	30.077	51.519	58.626	170.402
"2014"	119.641	145.378	186.883	148.217	64.413	46.364	42.663	34.729	36.741	40.397	90.978	224.338
"2015"	105.866	174.023	210.447	130.441	82.402	44.014	43.416	30.852	33.663	31.808	58.19	71.809
"2016"	194.112	106.4	168.97	48.021	35.728	31.993	26.484	26.029	24.221	37.774	73.806	79.939
"2017"	133.908	219.585	211.53	95.258	48.418	36.016	30.483	27.975	24.032	26.861	65.321	137.019
"2018"	133.727	154.527	102.546	105.435	46.383	34.785	28.783	25.497	26.822	43.997	181.182	102.49
"2019"	72.35	109.056	178.431	125.127	61.974	36.36	30.978	26.761	24.429	30.153	38.222	64.972
"2020"	70.995	129.647	74.55	39.595	34.383	25.83	22.04	19.099	18.533	23.354	23.731	81.581
"2021"	123.569	113.069	166.111	50.302	69.022	30.011	23.696	19.209	17.346	31.135	85.538	137.877
"2022"	149.228	195.091	105.671	49.423	31.442	28.726	23.895	NA	NA	NA	NA	NA
